STRUKTUR,WELL_NAME,DEPTH,CALI,SP,GR,RT,NPHI,RHOB,MARKER,GR_NORM,GR_NO
ABAB,ABB-089,1371.6,10.3,-28.067,69.539,0.421,0.3643,2.188,GUF,,70.91285887585929
ABAB,ABB-089,1371.7524,10.267,-28.083,68.88,0.401,0.3679,2.177,GUF,,70.24666397088556
ABAB,ABB-089,1371.9048,10.235,-28.099,69.869,0.381,0.3715,2.189,GUF,,71.24646178730288
ABAB,ABB-089,1372.0572,9.908,-28.116,70.858,0.361,0.3679,2.195,GUF,,72.24625960372018
ABAB,ABB-089,1372.2096,9.821,-27.883,70.586,0.341,0.3643,2.19,GUF,,71.97128993125759
ABAB,ABB-089,1372.362,9.734,-27.65,70.313,0.373,0.3588,2.158,GUF,,71.69530934088152
ABAB,ABB-089,1372.5144,9.901,-27.417,68.108,0.406,0.3584,2.171,GUF,,69.46623534169026
ABAB,ABB-089,1372.6668,9.963,-27.185,67.495,0.438,0.3612,2.193,GUF,,68.84654266073596
ABAB,ABB-089,1372.8192,10.026,-26.754,68.392,0.47,0.3664,2.195,GUF,,69.75333602911444
ABAB,ABB-089,1372.9716,9.906,-26.324,69.289,0.503,0.3716,2.186,GUF,,70.66012939749292
ABAB,ABB-089,1373.124,9.787,-25.894,70.104,0.536,0.3776,2.182,GUF,,71.48402749696724
ABAB,ABB-089,1373.2764,9.776,-25.463,70.92,0.569,0.3841,2.177,GUF,,72.30893651435504
ABAB,ABB-089,1373.4288,9.766,-25.303,69.791,0.602,0.3869,2.189,GUF,,71.16761019005257
ABAB,ABB-089,1373.5812,9.822,-25.143,67.2,0.709,0.3898,2.198,GUF,,68.54832187626366
ABAB,ABB-089,1373.7336,9.878,-24.983,64.051,0.816,0.3787,2.193,GUF,,65.36494136676103
ABAB,ABB-089,1373.886,9.64,-24.823,60.902,0.994,0.3622,2.188,GUF,,62.18156085725839
ABAB,ABB-089,1374.0384,9.187,-25.158,57.852,1.171,0.3474,2.192,GUF,,59.098261221188835
ABAB,ABB-089,1374.1908,9.122,-25.493,54.801,1.349,0.3317,2.24,GUF,,56.013950667205826
ABAB,ABB-089,1374.3432,9.057,-25.828,52.223,1.466,0.316,2.244,GUF,,53.40780428629195
ABAB,ABB-089,1374.4956,9.098,-26.62,49.644,1.583,0.2934,2.234,GUF,,50.80064698746462
ABAB,ABB-089,1374.648,9.14,-27.412,48.591,1.634,0.2993,2.247,GUF,,49.736150424585524
ABAB,ABB-089,1374.8004,9.181,-28.204,47.537,1.686,0.3128,2.237,GUF,,48.67064294379296
ABAB,ABB-089,1374.9528,9.086,-29.513,45.25,1.738,0.3264,2.204,GUF,,46.35867367569753
ABAB,ABB-089,1375.1052,8.99,-30.822,42.964,1.739,0.3412,2.142,GUF,,44.04771532551557
ABAB,ABB-089,1375.2576,8.86,-32.131,43.359,1.741,0.3537,2.12,GUF,,44.447027901334415
ABAB,ABB-089,1375.41,8.731,-33.411,43.941,1.742,0.3577,2.109,GUF,,45.03538212697129
ABAB,ABB-089,1375.5624,8.741,-34.691,43.256,1.73,0.3532,2.132,GUF,,44.342903356247476
ABAB,ABB-089,1375.7148,8.751,-35.971,42.571,1.717,0.3435,2.128,GUF,,43.65042458552365
ABAB,ABB-089,1375.8672,8.721,-35.857,41.65,1.704,0.3441,2.143,GUF,,42.71936918722199
ABAB,ABB-089,1376.0196,8.691,-35.743,40.729,1.691,0.3498,2.155,GUF,,41.78831378892034
ABAB,ABB-089,1376.172,8.651,-35.147,40.384,1.678,0.3517,2.195,GUF,,41.43954710877477
ABAB,ABB-089,1376.3244,8.612,-34.551,40.039,1.643,0.3463,2.201,GUF,,41.090780428629195
ABAB,ABB-089,1376.4768,8.572,-33.954,40.786,1.607,0.3361,2.207,GUF,,41.84593610998787
ABAB,ABB-089,1376.6292,8.533,-33.358,41.532,1.572,0.3233,2.245,GUF,,42.60008087343307
ABAB,ABB-089,1376.7816,8.59,-32.378,42.278,1.537,0.3123,2.276,GUF,,43.35422563687828
ABAB,ABB-089,1376.934,8.648,-31.397,44.091,1.555,0.297,2.305,GUF,,45.18701981399111
ABAB,ABB-089,1377.0864,8.672,-30.417,45.371,1.572,0.278,2.358,GUF,,46.48099474322685
ABAB,ABB-089,1377.2388,8.695,-29.436,46.652,1.59,0.2786,2.345,GUF,,47.775980590376065
ABAB,ABB-089,1377.3912,8.718,-28.29,46.342,1.607,0.2887,2.32,GUF,,47.46259603720178
ABAB,ABB-089,1377.5436,8.741,-27.144,46.032,1.625,0.3144,2.259,GUF,,47.14921148402749
ABAB,ABB-089,1377.696,8.731,-25.998,45.722,1.645,0.3248,2.283,GUF,,46.835826930853216
ABAB,ABB-089,1377.8484,8.72,-25.114,48.011,1.666,0.2969,2.303,GUF,,49.14981803477558
ABAB,ABB-089,1378.0008,8.709,-24.231,50.648,1.686,0.2825,2.307,GUF,,51.81560857258391
ABAB,ABB-089,1378.1532,8.744,-23.347,53.285,1.653,0.2681,2.31,GUF,,54.48139911039223
ABAB,ABB-089,1378.3056,8.78,-22.464,53.674,1.619,0.2642,2.292,GUF,,54.87464617873029
ABAB,ABB-089,1378.458,8.756,-22.73,54.063,1.585,0.2703,2.273,GUF,,55.26789324706834
ABAB,ABB-089,1378.6104,8.732,-22.996,50.365,1.525,0.2764,2.264,GUF,,51.529518803073195
ABAB,ABB-089,1378.7628,8.783,-23.262,46.173,1.464,0.2828,2.254,GUF,,47.29175090982612
ABAB,ABB-089,1378.9152,8.833,-23.528,41.981,1.404,0.2893,2.225,GUF,,43.05398301657905
ABAB,ABB-089,1379.0676,8.944,-24.724,40.687,1.478,0.2905,2.237,GUF,,41.74585523655479
ABAB,ABB-089,1379.22,9.054,-25.921,43.3,1.553,0.2928,2.244,GUF,,44.387383744439944
ABAB,ABB-089,1379.3724,9.031,-27.117,45.912,1.529,0.2952,2.259,GUF,,47.027901334411645
ABAB,ABB-089,1379.5248,9.007,-28.172,48.133,1.505,0.3007,2.272,GUF,,49.27315002021836
ABAB,ABB-089,1379.6772,8.984,-29.226,50.353,1.481,0.3061,2.262,GUF,,51.517387788111606
ABAB,ABB-089,1379.8296,8.856,-29.537,52.574,1.257,0.305,2.242,GUF,,53.76263647391832
ABAB,ABB-089,1379.982,8.942,-28.88,55.115,1.034,0.3039,2.272,GUF,,56.33137889203397
ABAB,ABB-089,1380.1344,9.118,-28.222,57.657,0.927,0.3124,2.287,GUF,,58.90113222806308
ABAB,ABB-089,1380.2868,9.294,-27.466,62.548,0.819,0.3427,2.285,GUF,,63.84553174282249
ABAB,ABB-089,1380.4392,9.47,-26.71,63.296,0.711,0.3522,2.316,GUF,,64.60169834209462
ABAB,ABB-089,1380.5916,9.527,-25.954,64.044,0.603,0.3618,2.326,GUF,,65.35786494136676
ABAB,ABB-089,1380.744,9.584,-26.13,64.205,0.598,0.3685,2.322,GUF,,65.52062272543469
ABAB,ABB-089,1380.8964,9.399,-26.306,64.365,0.593,0.3752,2.317,GUF,,65.68236959158915
ABAB,ABB-089,1381.0488,9.214,-26.482,65.063,0.588,0.3834,2.336,GUF,,66.38799029518803
ABAB,ABB-089,1381.2012,8.969,-26.389,60.652,0.583,0.3917,2.337,GUF,,61.928831378892035
ABAB,ABB-089,1381.3536,8.874,-26.295,56.076,0.63,0.3878,2.337,GUF,,57.30287100687424
ABAB,ABB-089,1381.506,8.779,-26.202,54.907,0.676,0.3839,2.33,GUF,,56.12110796603315
ABAB,ABB-089,1381.6584,8.84,-25.491,53.738,0.723,0.3244,2.329,GUF,,54.939344925192074
ABAB,ABB-089,1381.8108,8.901,-24.781,52.569,0.77,0.3166,2.329,GUF,,53.757581884351
ABAB,ABB-089,1381.9632,8.962,-24.07,55.653,0.816,0.3193,2.338,GUF,,56.87525272947836
ABAB,ABB-089,1382.1156,9.023,-23.132,58.737,0.87,0.322,2.348,GUF,,59.99292357460574
ABAB,ABB-089,1382.268,9.049,-22.193,65.124,0.924,0.3251,2.348,GUF,,66.44965628790942
ABAB,ABB-089,1382.4204,9.075,-21.255,70.461,0.977,0.3283,2.353,GUF,,71.8449251920744
ABAB,ABB-089,1382.5728,9.101,-20.869,74.662,1.031,0.3309,2.359,GUF,,76.09179134654266
ABAB,ABB-089,1382.7252,9.126,-20.483,78.864,1.049,0.3325,2.368,GUF,,80.33966841892439
ABAB,ABB-089,1382.8776,9.084,-20.098,78.439,1.067,0.3342,2.408,GUF,,79.91002830570157
ABAB,ABB-089,1383.03,9.042,-20.507,74.896,1.086,0.3265,2.431,GUF,,76.32834613829357
ABAB,ABB-089,1383.1824,9.0,-20.916,71.353,1.104,0.3228,2.44,GUF,,72.74666397088556
ABAB,ABB-089,1383.3348,8.982,-21.324,66.409,1.122,0.3191,2.409,GUF,,67.7486858067125
ABAB,ABB-089,1383.4872,8.964,-21.733,67.825,1.141,0.3172,2.371,GUF,,69.18014557217954
ABAB,ABB-089,1383.6396,8.945,-21.964,67.713,1.16,0.3153,2.382,GUF,,69.06692276587141
ABAB,ABB-089,1383.792,8.927,-22.195,67.601,1.125,0.3134,2.391,GUF,,68.95369995956328
ABAB,ABB-089,1383.9444,8.903,-22.426,68.683,1.09,0.3097,2.38,GUF,,70.04751314193288
ABAB,ABB-089,1384.0968,8.88,-22.656,69.764,1.055,0.3073,2.375,GUF,,71.14031540638899
ABAB,ABB-089,1384.2492,8.932,-22.887,68.857,1.021,0.3048,2.379,GUF,,70.22341285887586
ABAB,ABB-089,1384.4016,8.983,-23.118,67.95,0.988,0.2987,2.382,GUF,,69.30651031136273
ABAB,ABB-089,1384.554,9.035,-23.173,63.131,0.954,0.2926,2.384,GUF,,64.43489688637283
ABAB,ABB-089,1384.7064,9.056,-23.229,60.732,0.921,0.2874,2.407,GUF,,62.00970481196927
ABAB,ABB-089,1384.8588,9.076,-23.285,63.267,0.887,0.2821,2.402,GUF,,64.57238172260412
ABAB,ABB-089,1385.0112,9.097,-23.34,65.801,0.912,0.2883,2.378,GUF,,67.13404771532552
ABAB,ABB-089,1385.1636,9.052,-23.196,68.957,0.938,0.3061,2.365,GUF,,70.3245046502224
ABAB,ABB-089,1385.316,9.007,-23.051,68.636,0.963,0.3139,2.354,GUF,,70.0
ABAB,ABB-089,1385.4684,9.064,-22.906,68.316,0.988,0.3217,2.344,GUF,,69.67650626769107
ABAB,ABB-089,1385.6208,9.122,-22.762,68.802,0.981,0.3178,2.354,GUF,,70.16781237363527
ABAB,ABB-089,1385.7732,9.179,-22.665,69.288,0.973,0.3139,2.364,GUF,,70.65911847957946
ABAB,ABB-089,1385.9256,9.174,-22.569,69.774,0.966,0.3061,2.355,GUF,,71.15042458552367
ABAB,ABB-089,1386.078,9.168,-22.473,69.503,0.958,0.3156,2.345,GUF,,70.87646583097452
ABAB,ABB-089,1386.2304,9.138,-22.376,69.231,0.951,0.325,2.334,GUF,,70.60149615851192
ABAB,ABB-089,1386.3828,9.108,-22.945,67.123,0.932,0.3336,2.327,GUF,,68.47048119692681
ABAB,ABB-089,1386.5352,9.12,-23.513,65.015,0.914,0.3392,2.306,GUF,,66.33946623534169
ABAB,ABB-089,1386.6876,9.132,-24.082,63.382,0.895,0.3376,2.307,GUF,,64.68863728265265
ABAB,ABB-089,1386.84,9.145,-24.987,64.154,0.877,0.3406,2.312,GUF,,65.46906591184796
ABAB,ABB-089,1386.9924,9.189,-25.892,64.926,0.858,0.3453,2.318,GUF,,66.24949454104328
ABAB,ABB-089,1387.1448,9.232,-26.305,65.611,0.861,0.3499,2.297,GUF,,66.94197331176709
ABAB,ABB-089,1387.2972,9.276,-26.718,66.296,0.863,0.3383,2.291,GUF,,67.63445208249091
ABAB,ABB-089,1387.4496,9.32,-26.439,65.203,0.866,0.3281,2.308,GUF,,66.52951880307319
ABAB,ABB-089,1387.602,9.297,-26.16,64.11,0.869,0.3179,2.318,GUF,,65.42458552365548
ABAB,ABB-089,1387.7544,9.273,-25.179,63.017,0.889,0.2961,2.304,GUF,,64.31965224423777
ABAB,ABB-089,1387.9068,9.249,-24.198,60.542,0.91,0.2886,2.311,GUF,,61.817630408410835
ABAB,ABB-089,1388.0592,9.044,-23.84,61.176,0.93,0.2907,2.318,GUF,,62.45855236554792
ABAB,ABB-089,1388.2116,8.854,-23.483,61.81,0.986,0.2928,2.327,GUF,,63.099474322685
ABAB,ABB-089,1388.364,8.665,-24.001,62.52,1.041,0.3019,2.325,GUF,,63.817226041245455
ABAB,ABB-089,1388.5164,8.695,-24.518,63.23,1.097,0.3151,2.255,GUF,,64.5349777598059
ABAB,ABB-089,1388.6688,8.725,-25.035,63.941,1.152,0.3207,2.24,GUF,,65.25374039627982
ABAB,ABB-089,1388.8212,8.754,-26.096,62.852,1.263,0.3159,2.263,GUF,,64.15285078851596
ABAB,ABB-089,1388.9736,8.785,-27.156,61.764,1.373,0.308,2.294,GUF,,63.05297209866559
ABAB,ABB-089,1389.126,8.815,-28.216,59.673,1.483,0.3001,2.296,GUF,,60.93914274160939
ABAB,ABB-089,1389.2784,8.846,-29.276,57.582,1.608,0.2844,2.291,GUF,,58.825313384553176
ABAB,ABB-089,1389.4308,8.812,-30.224,56.422,1.732,0.2896,2.286,GUF,,57.652648604933276
ABAB,ABB-089,1389.5832,8.778,-31.172,55.263,1.773,0.2948,2.275,GUF,,56.480994743226844
ABAB,ABB-089,1389.7356,8.745,-32.12,55.397,1.814,0.301,2.231,GUF,,56.616457743631216
ABAB,ABB-089,1389.888,8.732,-33.069,55.532,1.854,0.3072,2.23,GUF,,56.75293166194905
ABAB,ABB-089,1390.0404,8.719,-33.658,55.667,1.849,0.3099,2.226,GUF,,56.88940558026688
ABAB,ABB-089,1390.1928,8.706,-34.246,55.183,1.845,0.3033,2.237,GUF,,56.400121310149615
ABAB,ABB-089,1390.3452,8.727,-34.835,54.7,1.84,0.3041,2.231,GUF,,55.91184795794582
ABAB,ABB-089,1390.4976,8.748,-35.424,55.231,1.842,0.3048,2.225,GUF,,56.44864536999596
ABAB,ABB-089,1390.65,8.769,-36.014,55.763,1.844,0.3075,2.219,GUF,,56.98645369995956
ABAB,ABB-089,1390.8024,8.733,-36.603,55.603,1.847,0.3063,2.236,GUF,,56.824706833805095
ABAB,ABB-089,1390.9548,8.698,-36.785,54.478,1.849,0.3051,2.251,GUF,,55.687424181156494
ABAB,ABB-089,1391.1072,8.662,-36.967,53.354,1.851,0.3002,2.246,GUF,,54.55115244642135
ABAB,ABB-089,1391.2596,8.664,-37.15,52.385,1.868,0.2936,2.239,GUF,,53.57157298827335
ABAB,ABB-089,1391.412,8.665,-37.332,51.416,1.884,0.2869,2.257,GUF,,52.59199353012535
ABAB,ABB-089,1391.5644,8.667,-36.936,51.46,1.901,0.2803,2.273,GUF,,52.63647391831783
ABAB,ABB-089,1391.7168,8.669,-36.541,51.503,1.917,0.2733,2.287,GUF,,52.67994338859685
ABAB,ABB-089,1391.8692,8.669,-36.146,50.677,1.934,0.2715,2.301,GUF,,51.8449251920744
ABAB,ABB-089,1392.0216,8.669,-35.75,49.968,1.947,0.2684,2.316,GUF,,51.12818439142742
ABAB,ABB-089,1392.174,8.718,-34.749,49.259,1.96,0.2637,2.329,GUF,,50.41144359078043
ABAB,ABB-089,1392.3264,8.768,-33.748,49.445,1.973,0.2607,2.322,GUF,,50.599474322685
ABAB,ABB-089,1392.4788,8.817,-32.747,49.632,1.987,0.2626,2.314,GUF,,50.788515972503035
ABAB,ABB-089,1392.6312,8.883,-32.682,49.818,2.0,0.2644,2.336,GUF,,50.976546704407596
ABAB,ABB-089,1392.7836,8.948,-32.617,50.005,2.008,0.2763,2.338,GUF,,51.16558835422564
ABAB,ABB-089,1392.936,8.938,-33.108,50.904,2.016,0.2939,2.319,GUF,,52.07440355843106
ABAB,ABB-089,1393.0884,8.928,-33.6,51.803,2.024,0.2994,2.29,GUF,,52.98321876263647
ABAB,ABB-089,1393.2408,8.894,-34.091,54.609,2.032,0.3049,2.264,GUF,,55.81985442782046
ABAB,ABB-089,1393.3932,8.861,-33.925,56.905,2.041,0.3104,2.256,GUF,,58.14092195713708
ABAB,ABB-089,1393.5456,8.828,-33.759,59.201,2.049,0.3147,2.253,GUF,,60.4619894864537
ABAB,ABB-089,1393.698,8.794,-33.593,59.247,2.043,0.3204,2.251,GUF,,60.50849171047311
ABAB,ABB-089,1393.8504,8.799,-33.428,59.294,2.037,0.3229,2.26,GUF,,60.556004852405984
ABAB,ABB-089,1394.0028,8.804,-33.001,57.95,2.03,0.3255,2.269,GUF,,59.19733117670846
ABAB,ABB-089,1394.1552,8.809,-32.574,56.606,2.024,0.3171,2.264,GUF,,57.83865750101092
ABAB,ABB-089,1394.3076,8.814,-32.147,56.653,1.984,0.3114,2.272,GUF,,57.886170642943796
ABAB,ABB-089,1394.46,8.775,-31.72,56.7,1.944,0.3058,2.269,GUF,,57.93368378487667
ABAB,ABB-089,1394.6124,8.735,-30.99,56.312,1.904,0.302,2.279,GUF,,57.54144763445208
ABAB,ABB-089,1394.7648,8.695,-30.259,56.274,1.864,0.3059,2.276,GUF,,57.5030327537404
ABAB,ABB-089,1394.9172,8.656,-29.529,56.235,1.86,0.309,2.277,GUF,,57.463606955115246
ABAB,ABB-089,1395.0696,8.653,-28.798,57.091,1.857,0.3122,2.291,GUF,,58.32895268904166
ABAB,ABB-089,1395.222,8.651,-28.286,57.947,1.853,0.316,2.307,GUF,,59.19429842296806
ABAB,ABB-089,1395.3744,8.648,-27.774,58.804,1.85,0.3191,2.3,GUF,,60.060655074807926
ABAB,ABB-089,1395.5268,8.646,-27.85,58.467,1.846,0.3127,2.313,GUF,,59.719975737970074
ABAB,ABB-089,1395.6792,8.681,-27.927,58.13,1.859,0.3003,2.331,GUF,,59.37929640113224
ABAB,ABB-089,1395.8316,8.717,-27.887,55.296,1.871,0.2933,2.329,GUF,,56.514355034371206
ABAB,ABB-089,1395.984,8.752,-27.847,54.338,1.884,0.2906,2.333,GUF,,55.54589567327133
ABAB,ABB-089,1396.1364,8.703,-27.807,53.38,1.896,0.2944,2.338,GUF,,54.57743631217146
ABAB,ABB-089,1396.2888,8.653,-27.767,53.603,1.909,0.3006,2.354,GUF,,54.80287100687424
ABAB,ABB-089,1396.4412,8.686,-27.449,53.826,1.862,0.3027,2.36,GUF,,55.02830570157703
ABAB,ABB-089,1396.5936,8.718,-27.131,54.048,1.816,0.3,2.401,GUF,,55.25272947836636
ABAB,ABB-089,1396.746,8.783,-26.813,51.91,1.77,0.2891,2.419,GUF,,53.09138697937727
ABAB,ABB-089,1396.8984,8.848,-26.192,49.398,1.666,0.2718,2.436,GUF,,50.55196118075213
ABAB,ABB-089,1397.0508,8.913,-25.572,46.887,1.562,0.2608,2.445,GUF,,48.01354630004044
ABAB,ABB-089,1397.2032,8.909,-24.951,48.131,1.459,0.2498,2.438,GUF,,49.27112818439143
ABAB,ABB-089,1397.3556,8.906,-24.33,52.109,1.339,0.2471,2.432,GUF,,53.292559644156896
ABAB,ABB-089,1397.508,8.902,-23.71,56.088,1.22,0.2614,2.423,GUF,,57.315002021835824
ABAB,ABB-089,1397.6604,8.824,-23.209,58.474,1.1,0.2852,2.411,GUF,,59.727052163364334
ABAB,ABB-089,1397.8128,8.747,-22.709,60.861,1.014,0.2899,2.389,GUF,,62.140113222806306
ABAB,ABB-089,1397.9652,8.669,-22.209,60.566,0.929,0.2935,2.37,GUF,,61.841892438334014
ABAB,ABB-089,1398.1176,8.674,-21.709,60.535,0.843,0.3069,2.363,GUF,,61.810553983016575
ABAB,ABB-089,1398.27,8.68,-21.209,60.505,0.847,0.3144,2.379,GUF,,61.78022644561262
ABAB,ABB-089,1398.4224,8.685,-21.012,60.475,0.85,0.3226,2.373,GUF,,61.74989890820866
ABAB,ABB-089,1398.5748,8.763,-20.816,63.63,0.854,0.3216,2.357,GUF,,64.93934492519207
ABAB,ABB-089,1398.7272,8.84,-20.619,64.793,0.858,0.3181,2.339,GUF,,66.11504245855238
ABAB,ABB-089,1398.8796,8.918,-20.422,63.76,0.926,0.3146,2.35,GUF,,65.07076425394257
ABAB,ABB-089,1399.032,9.019,-20.225,62.727,0.995,0.3091,2.365,GUF,,64.02648604933279
ABAB,ABB-089,1399.1844,9.119,-20.305,62.604,1.064,0.3056,2.382,GUF,,63.90214314597655
ABAB,ABB-089,1399.3368,9.168,-20.385,62.482,1.155,0.3022,2.374,GUF,,63.77881116053376
ABAB,ABB-089,1399.4892,9.217,-20.465,62.359,1.246,0.2935,2.366,GUF,,63.65446825717752
ABAB,ABB-089,1399.6416,9.204,-20.545,65.482,1.337,0.2795,2.402,GUF,,66.81156490093005
ABAB,ABB-089,1399.794,9.192,-20.625,65.047,1.33,0.2816,2.382,GUF,,66.37181560857258
ABAB,ABB-089,1399.9464,9.153,-20.824,64.612,1.324,0.2911,2.361,GUF,,65.93206631621513
ABAB,ABB-089,1400.0988,9.114,-21.022,66.7,1.317,0.3,2.337,GUF,,68.04286291953093
ABAB,ABB-089,1400.2512,9.075,-21.221,68.788,1.311,0.3011,2.312,GUF,,70.15365952284674
ABAB,ABB-089,1400.4036,9.162,-21.42,69.824,1.26,0.3011,2.278,GUF,,71.20097048119692
ABAB,ABB-089,1400.556,9.247,-21.618,71.61,1.209,0.3285,2.308,GUF,,73.00646987464617
ABAB,ABB-089,1400.7084,9.332,-21.733,73.396,1.158,0.34,2.337,GUF,,74.81196926809542
ABAB,ABB-089,1400.8608,9.521,-21.847,73.574,1.108,0.3514,2.328,GUF,,74.99191265669228
ABAB,ABB-089,1401.0132,9.913,-21.962,72.53,1.057,0.3568,2.305,GUF,,73.93651435503438
ABAB,ABB-089,1401.1656,10.246,-22.076,71.486,1.02,0.3624,2.3,GUF,,72.88111605337647
ABAB,ABB-089,1401.318,10.408,-22.191,71.435,0.982,0.3649,2.302,GUF,,72.82955923978973
ABAB,ABB-089,1401.4704,10.571,-22.305,71.384,0.944,0.365,2.282,GUF,,72.77800242620299
ABAB,ABB-089,1401.6228,10.569,-22.377,70.018,0.907,0.365,2.254,GUF,,71.39708855640922
ABAB,ABB-089,1401.7752,10.566,-22.45,68.087,0.869,0.3451,2.226,GUF,,69.44500606550749
ABAB,ABB-089,1401.9276,10.564,-22.522,66.155,0.874,0.3332,2.261,GUF,,67.49191265669228
ABAB,ABB-089,1402.08,10.476,-22.594,66.544,0.879,0.3306,2.294,GUF,,67.88515972503032
ABAB,ABB-089,1402.2324,10.389,-22.667,67.979,0.884,0.328,2.287,GUF,,69.33582693085322
ABAB,ABB-089,1402.3848,10.525,-22.739,69.414,0.888,0.3295,2.281,GUF,,70.78649413667611
ABAB,ABB-089,1402.5372,10.662,-22.794,70.27,0.893,0.3309,2.295,GUF,,71.6518398706025
ABAB,ABB-089,1402.6896,10.62,-22.848,69.803,0.898,0.337,2.311,GUF,,71.17974120501415
ABAB,ABB-089,1402.842,10.451,-22.903,69.337,0.915,0.3392,2.305,GUF,,70.70865345733927
ABAB,ABB-089,1402.9944,10.468,-22.958,69.608,0.932,0.3415,2.314,GUF,,70.98261221188841
ABAB,ABB-089,1403.1468,10.485,-23.013,70.611,0.949,0.3353,2.312,GUF,,71.99656287909423
ABAB,ABB-089,1403.2992,10.502,-23.01,71.614,0.966,0.3291,2.324,GUF,,73.01051354630005
ABAB,ABB-089,1403.4516,10.584,-23.007,71.859,0.983,0.3295,2.333,GUF,,73.25818843509907
ABAB,ABB-089,1403.604,10.665,-23.003,71.829,1.0,0.3299,2.319,GUF,,73.22786089769511
ABAB,ABB-089,1403.7564,10.747,-23.0,72.435,1.009,0.3348,2.303,GUF,,73.84047715325516
ABAB,ABB-089,1403.9088,10.861,-22.997,71.869,1.019,0.3404,2.288,GUF,,73.26829761423372
ABAB,ABB-089,1404.0612,10.889,-22.94,72.127,1.029,0.346,2.271,GUF,,73.5291144359078
ABAB,ABB-089,1404.2136,10.873,-22.882,72.384,1.039,0.3454,2.252,GUF,,73.78892033966842
ABAB,ABB-089,1404.366,10.857,-22.825,72.564,1.049,0.3447,2.261,GUF,,73.97088556409219
ABAB,ABB-089,1404.5184,10.957,-22.768,72.743,1.018,0.3395,2.256,GUF,,74.1518398706025
ABAB,ABB-089,1404.6708,11.057,-22.71,72.173,0.988,0.3327,2.251,GUF,,73.57561665992722
ABAB,ABB-089,1404.8232,11.156,-22.653,71.602,0.958,0.33,2.253,GUF,,72.99838253133846
ABAB,ABB-089,1404.9756,11.069,-22.596,71.887,0.927,0.3328,2.272,GUF,,73.28649413667611
ABAB,ABB-089,1405.128,10.994,-22.561,72.171,0.897,0.3356,2.268,GUF,,73.5735948241003
ABAB,ABB-089,1405.2804,10.92,-22.526,72.456,0.868,0.3403,2.264,GUF,,73.86170642943793
ABAB,ABB-089,1405.4328,10.983,-22.491,71.805,0.84,0.3406,2.275,GUF,,73.20359886777194
ABAB,ABB-089,1405.5852,11.047,-22.456,71.154,0.811,0.3376,2.287,GUF,,72.54549130610594
ABAB,ABB-089,1405.7376,11.11,-22.422,71.347,0.782,0.339,2.288,GUF,,72.74059846340477
ABAB,ABB-089,1405.89,11.098,-22.387,71.54,0.754,0.3444,2.3,GUF,,72.9357056207036
ABAB,ABB-089,1406.0424,11.074,-22.365,72.987,0.725,0.339,2.296,GUF,,74.39850384148806
ABAB,ABB-089,1406.1948,11.05,-22.344,74.433,0.723,0.3339,2.309,GUF,,75.86029114435908
ABAB,ABB-089,1406.3472,11.103,-22.322,74.297,0.722,0.3328,2.313,GUF,,75.72280630812779
ABAB,ABB-089,1406.4996,11.156,-22.3,74.161,0.72,0.3316,2.317,GUF,,75.58532147189649
ABAB,ABB-089,1406.652,11.208,-22.278,72.766,0.719,0.3348,2.303,GUF,,74.17509098261222
ABAB,ABB-089,1406.8044,11.057,-22.257,72.428,0.717,0.3391,2.26,GUF,,73.83340072786089
ABAB,ABB-089,1406.9568,10.988,-22.291,72.09,0.7,0.3451,2.246,GUF,,73.49171047310959
ABAB,ABB-089,1407.1092,11.109,-22.324,70.873,0.682,0.3512,2.231,GUF,,72.26142337242217
ABAB,ABB-089,1407.2616,11.23,-22.358,71.412,0.664,0.3551,2.262,GUF,,72.80630812778003
ABAB,ABB-089,1407.414,11.34,-22.392,71.951,0.646,0.3502,2.299,GUF,,73.35119288313788
ABAB,ABB-089,1407.5664,11.328,-22.426,72.49,0.628,0.3497,2.292,GUF,,73.89607763849575
ABAB,ABB-089,1407.7188,11.316,-22.46,71.15,0.611,0.3492,2.285,GUF,,72.54144763445208
ABAB,ABB-089,1407.8712,11.356,-22.453,69.811,0.599,0.3462,2.269,GUF,,71.18782854832189
ABAB,ABB-089,1408.0236,11.495,-22.447,68.14,0.587,0.3433,2.279,GUF,,69.49858471492115
ABAB,ABB-089,1408.176,11.634,-22.44,66.469,0.575,0.3423,2.269,GUF,,67.80934088152041
ABAB,ABB-089,1408.3284,11.649,-22.434,66.576,0.563,0.3516,2.253,GUF,,67.91750909826122
ABAB,ABB-089,1408.4808,11.663,-22.427,66.684,0.551,0.3708,2.234,GUF,,68.02668823291549
ABAB,ABB-089,1408.6332,11.492,-22.421,66.319,0.539,0.3824,2.22,GUF,,67.65770319450061
ABAB,ABB-089,1408.7856,11.321,-22.452,65.954,0.529,0.3686,2.205,GUF,,67.28871815608572
ABAB,ABB-089,1408.938,11.149,-22.482,64.747,0.519,0.3593,2.239,GUF,,66.06854023453296
ABAB,ABB-089,1409.0904,10.852,-22.513,63.54,0.509,0.3565,2.272,GUF,,64.84836231298019
ABAB,ABB-089,1409.2428,10.019,-22.543,62.898,0.499,0.3538,2.308,GUF,,64.19935301253538
ABAB,ABB-089,1409.3952,10.031,-22.574,62.256,0.489,0.3474,2.312,GUF,,63.55034371209058
ABAB,ABB-089,1409.5476,10.043,-22.504,61.614,0.496,0.3422,2.317,GUF,,62.90133441164578
ABAB,ABB-089,1409.7,10.164,-22.435,60.859,0.502,0.3371,2.338,GUF,,62.13809138697938
ABAB,ABB-089,1409.8524,10.169,-22.366,60.103,0.509,0.3347,2.335,GUF,,61.37383744439951
ABAB,ABB-089,1410.0048,10.173,-22.297,59.432,0.516,0.3396,2.332,GUF,,60.695511524464216
ABAB,ABB-089,1410.1572,10.129,-22.227,58.761,0.557,0.3514,2.313,GUF,,60.01718560452892
ABAB,ABB-089,1410.3096,10.085,-22.158,57.867,0.599,0.3616,2.254,GUF,,59.11342498989082
ABAB,ABB-089,1410.462,9.769,-22.089,56.973,0.641,0.3559,2.253,GUF,,58.20966437525273
ABAB,ABB-089,1410.6144,9.207,-21.958,54.728,0.682,0.3346,2.252,GUF,,55.94015365952285
ABAB,ABB-089,1410.7668,9.15,-21.827,52.483,0.724,0.3325,2.272,GUF,,53.67064294379296
ABAB,ABB-089,1410.9192,9.093,-21.696,50.064,0.72,0.3304,2.291,GUF,,51.2252325111201
ABAB,ABB-089,1411.0716,9.108,-21.565,47.646,0.716,0.3305,2.248,GUF,,48.780832996360694
ABAB,ABB-089,1411.224,9.124,-21.434,47.165,0.712,0.3142,2.268,GUF,,48.294581479983826
ABAB,ABB-089,1411.3764,9.139,-21.304,46.685,0.709,0.311,2.291,GUF,,47.80934088152042
ABAB,ABB-089,1411.5288,9.154,-21.32,46.205,0.693,0.3078,2.312,GUF,,47.324100283057014
ABAB,ABB-089,1411.6812,9.169,-21.336,48.014,0.678,0.3108,2.281,GUF,,49.15285078851598
ABAB,ABB-089,1411.8336,9.184,-21.351,49.823,0.662,0.3138,2.22,GUF,,50.98160129397493
ABAB,ABB-089,1411.986,9.17,-21.368,52.632,0.647,0.3189,2.252,GUF,,53.82126971289931
ABAB,ABB-089,1412.1384,9.155,-21.383,53.627,0.663,0.3238,2.286,GUF,,54.82713303679741
ABAB,ABB-089,1412.2908,9.265,-21.364,54.622,0.678,0.3281,2.274,GUF,,55.83299636069551
ABAB,ABB-089,1412.4432,9.479,-21.345,55.617,0.694,0.3324,2.273,GUF,,56.83885968459361
ABAB,ABB-089,1412.5956,9.693,-21.326,55.055,0.71,0.3363,2.271,GUF,,56.27072381722604
ABAB,ABB-089,1412.748,9.949,-21.307,54.493,0.726,0.3401,2.269,GUF,,55.702587949858476
ABAB,ABB-089,1412.9004,10.206,-21.288,53.932,0.722,0.3449,2.266,GUF,,55.13546300040437
ABAB,ABB-089,1413.0528,10.385,-21.269,54.255,0.718,0.3478,2.253,GUF,,55.4619894864537
ABAB,ABB-089,1413.2052,10.381,-21.212,54.579,0.713,0.3507,2.258,GUF,,55.7895268904165
ABAB,ABB-089,1413.3576,10.378,-21.154,54.902,0.709,0.3516,2.231,GUF,,56.11605337646583
ABAB,ABB-089,1413.51,10.612,-21.096,55.226,0.705,0.3524,2.204,GUF,,56.44359078042863
ABAB,ABB-089,1413.6624,10.847,-21.038,55.379,0.696,0.3532,2.193,GUF,,56.598261221188835
ABAB,ABB-089,1413.8148,11.061,-20.981,55.531,0.688,0.354,2.181,GUF,,56.75192074403559
ABAB,ABB-089,1413.9672,11.275,-20.923,55.684,0.68,0.3555,2.185,GUF,,56.90659118479579
ABAB,ABB-089,1414.1196,11.42,-20.899,55.569,0.671,0.3715,2.168,GUF,,56.79033562474727
ABAB,ABB-089,1414.272,11.564,-20.875,55.455,0.663,0.375,2.151,GUF,,56.67509098261221
ABAB,ABB-089,1414.4244,11.529,-20.851,55.34,0.656,0.3816,2.139,GUF,,56.55883542256369
ABAB,ABB-089,1414.5768,11.495,-20.827,55.225,0.649,0.3815,2.164,GUF,,56.44257986251517
ABAB,ABB-089,1414.7292,11.311,-20.803,56.327,0.642,0.3772,2.177,GUF,,57.556611403154065
ABAB,ABB-089,1414.8816,11.652,-20.779,57.429,0.635,0.3795,2.19,GUF,,58.67064294379297
ABAB,ABB-089,1415.034,11.713,-20.816,58.793,0.628,0.3817,2.163,GUF,,60.049534977759805
ABAB,ABB-089,1415.1864,11.837,-20.852,60.156,0.621,0.3851,2.118,GUF,,61.42741609381318
ABAB,ABB-089,1415.3388,11.962,-20.889,59.987,0.615,0.3885,2.107,GUF,,61.25657096643753
ABAB,ABB-089,1415.4912,12.005,-20.925,61.539,0.609,0.3838,2.104,GUF,,62.82551556813587
ABAB,ABB-089,1415.6436,12.049,-20.922,63.736,0.603,0.3794,2.115,GUF,,65.0465022240194
ABAB,ABB-089,1415.796,11.704,-20.919,63.135,0.597,0.3749,2.142,GUF,,64.43894055802669
ABAB,ABB-089,1415.9484,11.443,-20.916,62.534,0.59,0.3736,2.144,GUF,,63.83137889203397
ABAB,ABB-089,1416.1008,11.114,-20.913,61.379,0.591,0.3709,2.146,GUF,,62.6637687019814
ABAB,ABB-089,1416.2532,11.261,-20.91,60.225,0.591,0.3716,2.154,GUF,,61.4971694298423
ABAB,ABB-089,1416.4056,11.408,-20.821,60.294,0.591,0.3687,2.164,GUF,,61.56692276587141
ABAB,ABB-089,1416.558,11.421,-20.731,60.364,0.591,0.3658,2.175,GUF,,61.63768701981399
ABAB,ABB-089,1416.7104,11.409,-20.642,58.759,0.591,0.3615,2.186,GUF,,60.01516376870198
ABAB,ABB-089,1416.8628,11.397,-20.553,58.123,0.591,0.3641,2.196,GUF,,59.37221997573797
ABAB,ABB-089,1417.0152,11.385,-20.479,58.463,0.591,0.3667,2.2,GUF,,59.71593206631621
ABAB,ABB-089,1417.1676,11.216,-20.406,58.803,0.59,0.3716,2.185,GUF,,60.05964415689446
ABAB,ABB-089,1417.32,11.182,-20.605,59.0,0.376,0.3846,2.16,GUF,,60.258794985847146
ABAB,ABB-089,1417.4724,,-20.416,59.432,0.371,0.3794,2.12,GUF,,60.695511524464216
ABAB,ABB-089,1417.6248,,-20.227,58.176,0.366,0.3741,2.129,GUF,,59.42579862515164
ABAB,ABB-089,1417.7772,,-20.286,57.144,0.369,0.3651,2.193,GUF,,58.382531338455316
ABAB,ABB-089,1417.9296,,-20.349,57.731,0.365,0.3546,2.206,GUF,,58.97594015365952
ABAB,ABB-089,1418.082,,-20.411,58.196,0.361,0.344,2.229,GUF,,59.44601698342095
ABAB,ABB-089,1418.2344,,-20.474,58.702,0.365,0.3388,2.245,GUF,,59.957541447634455
ABAB,ABB-089,1418.3868,,-20.584,59.041,0.369,0.3352,2.25,GUF,,60.30024262029923
ABAB,ABB-089,1418.5392,,-20.693,59.588,0.384,0.3316,2.264,GUF,,60.85321471896482
ABAB,ABB-089,1418.6916,,-20.66,59.887,0.399,0.3372,2.274,GUF,,61.15547917509099
ABAB,ABB-089,1418.844,,-20.626,59.878,0.414,0.3375,2.28,GUF,,61.14638091386979
ABAB,ABB-089,1418.9964,,-20.593,59.638,0.438,0.3339,2.278,GUF,,60.90376061463809
ABAB,ABB-089,1419.1488,,-20.359,59.399,0.461,0.333,2.279,GUF,,60.66215123331986
ABAB,ABB-089,1419.3012,,-20.126,57.856,0.481,0.3287,2.299,GUF,,59.1023048928427
ABAB,ABB-089,1419.4536,,-19.875,56.25,0.501,0.3244,2.296,GUF,,57.47877072381723
ABAB,ABB-089,1419.606,,-19.721,54.15,0.521,0.3177,2.286,GUF,,55.35584310553983
ABAB,ABB-089,1419.7584,,-19.567,51.86,0.532,0.31,2.257,GUF,,53.040841083704
ABAB,ABB-089,1419.9108,,-19.526,49.12,0.547,0.3021,2.237,GUF,,50.27092600080873
ABAB,ABB-089,1420.0632,,-19.484,46.677,0.561,0.2941,2.205,GUF,,47.8012535382127
ABAB,ABB-089,1420.2156,,-19.476,46.232,0.576,0.2905,2.175,GUF,,47.351395066720585
ABAB,ABB-089,1420.368,,-19.467,47.414,0.584,0.2871,2.149,GUF,,48.54630004043672
ABAB,ABB-089,1420.5204,,-19.515,50.489,0.592,0.2729,2.221,GUF,,51.6548726243429
ABAB,ABB-089,1420.6728,,-19.562,52.005,0.6,0.284,2.244,GUF,,53.187424181156494
ABAB,ABB-089,1420.8252,,-19.527,51.347,0.626,0.2924,2.24,GUF,,52.52224019409624
ABAB,ABB-089,1420.9776,,-19.723,48.514,0.72,0.2935,2.227,GUF,,49.65830974524869
ABAB,ABB-089,1421.13,,-19.919,46.75,0.814,0.2934,2.221,GUF,,47.875050545895675
ABAB,ABB-089,1421.2824,,-20.21,44.455,0.988,0.2979,2.216,GUF,,45.554993934492515
ABAB,ABB-089,1421.4348,,-21.169,43.432,1.185,0.3017,2.207,GUF,,44.52082490901739
ABAB,ABB-089,1421.5872,,-22.69,41.493,1.412,0.3074,2.176,GUF,,42.560655074807926
ABAB,ABB-089,1421.7396,,-24.211,39.555,1.628,0.3197,2.156,GUF,,40.60149615851193
ABAB,ABB-089,1421.892,,-26.366,40.949,1.768,0.337,2.128,GUF,,42.01071572988273
ABAB,ABB-089,1422.0444,,-27.908,43.618,1.691,0.3534,2.092,GUF,,44.70885564092196
ABAB,ABB-089,1422.1968,,-29.45,46.241,1.544,0.3619,2.056,GUF,,47.36049332794177
ABAB,ABB-089,1422.3492,,-30.149,48.772,1.311,0.3704,2.049,GUF,,49.91912656692276
ABAB,ABB-089,1422.5016,,-28.809,51.304,1.141,0.3795,2.061,GUF,,52.47877072381723
ABAB,ABB-089,1422.654,,-27.302,55.772,0.997,0.365,2.074,GUF,,56.99555196118075
ABAB,ABB-089,1422.8064,,-26.155,58.507,0.879,0.3558,2.092,GUF,,59.760412454508696
ABAB,ABB-089,1422.9588,,-25.008,58.912,0.798,0.3454,2.132,GUF,,60.169834209462195
ABAB,ABB-089,1423.1112,,-23.693,58.807,0.746,0.3429,2.146,GUF,,60.063687828548325
ABAB,ABB-089,1423.2636,,-23.126,58.379,0.693,0.3387,2.184,GUF,,59.63101496158512
ABAB,ABB-089,1423.416,,-22.869,57.949,0.654,0.3341,2.206,GUF,,59.196320258794984
ABAB,ABB-089,1423.5684,,-22.709,58.051,0.631,0.3255,2.215,GUF,,59.29943388596846
ABAB,ABB-089,1423.7208,,-22.548,58.618,0.608,0.3169,2.231,GUF,,59.872624342903364
ABAB,ABB-089,1423.8732,,-22.434,60.135,0.582,0.3116,2.219,GUF,,61.406186817630406
ABAB,ABB-089,1424.0256,,-22.507,63.241,0.556,0.3259,2.207,GUF,,64.54609785685403
ABAB,ABB-089,1424.178,,-22.581,65.232,0.558,0.3352,2.173,GUF,,66.55883542256369
ABAB,ABB-089,1424.3304,,-22.596,64.142,0.579,0.3363,2.205,GUF,,65.45693489688637
ABAB,ABB-089,1424.4828,,-22.611,63.158,0.56,0.3327,2.208,GUF,,64.46219167003639
ABAB,ABB-089,1424.6352,,-22.612,63.623,0.552,0.3321,2.222,GUF,,64.93226849979781
ABAB,ABB-089,1424.7876,,-22.614,62.007,0.543,0.3296,2.238,GUF,,63.29862515163769
ABAB,ABB-089,1424.94,,-22.611,62.012,0.54,0.3271,2.212,GUF,,63.303679741205016
ABAB,ABB-089,1425.0924,,-22.608,62.017,0.537,0.3186,2.214,GUF,,63.308734330772346
ABAB,ABB-089,1425.2448,,-22.584,63.239,0.534,0.311,2.231,GUF,,64.5440760210271
ABAB,ABB-089,1425.3972,,-22.561,64.025,0.531,0.3116,2.248,GUF,,65.33865750101093
ABAB,ABB-089,1425.5496,,-22.538,63.283,0.532,0.3175,2.256,GUF,,64.58855640921958
ABAB,ABB-089,1425.702,,-22.448,62.459,0.533,0.3265,2.24,GUF,,63.75556004852406
ABAB,ABB-089,1425.8544,,-22.358,61.636,0.544,0.3373,2.223,GUF,,62.92357460574202
ABAB,ABB-089,1426.0068,,-22.286,63.488,0.555,0.3396,2.267,GUF,,64.79579458147998
ABAB,ABB-089,1426.1592,,-22.163,62.935,0.577,0.3346,2.258,GUF,,64.2367569753336
ABAB,ABB-089,1426.3116,,-22.04,61.346,0.598,0.3411,2.234,GUF,,62.630408410837035
ABAB,ABB-089,1426.464,,-22.015,60.513,0.62,0.3441,2.213,GUF,,61.788313788920334
ABAB,ABB-089,1426.6164,,-21.989,60.132,0.642,0.3397,2.225,GUF,,61.403154063890014
ABAB,ABB-089,1426.7688,,-21.964,60.297,0.668,0.3245,2.221,GUF,,61.56995551961181
ABAB,ABB-089,1426.9212,,-21.996,59.211,0.694,0.317,2.246,GUF,,60.472098665588355
ABAB,ABB-089,1427.0736,,-22.028,58.355,0.714,0.3131,2.261,GUF,,59.606752931661944
ABAB,ABB-089,1427.226,,-22.059,57.727,0.735,0.3099,2.209,GUF,,58.97189648200566
ABAB,ABB-089,1427.3784,,-22.103,57.099,0.744,0.3045,2.199,GUF,,58.33704003234937
ABAB,ABB-089,1427.5308,,-22.146,60.25,0.754,0.3005,2.177,GUF,,61.522442377678935
ABAB,ABB-089,1427.6832,,-22.18,61.77,0.769,0.2965,2.162,GUF,,63.05903760614639
ABAB,ABB-089,1427.8356,,-22.215,58.894,0.784,0.3044,2.128,GUF,,60.151637687019814
ABAB,ABB-089,1427.988,,-22.249,57.029,0.801,0.3038,2.159,GUF,,58.26627577840679
ABAB,ABB-089,1428.1404,,-22.182,56.239,0.815,0.2888,2.169,GUF,,57.4676506267691
ABAB,ABB-089,1428.2928,,-22.115,56.381,0.815,0.2923,2.207,GUF,,57.6112009704812
ABAB,ABB-089,1428.4452,,-22.086,56.222,0.778,0.2989,2.191,GUF,,57.450465022240195
ABAB,ABB-089,1428.5976,,-22.056,55.021,0.742,0.3055,2.175,GUF,,56.23635260816822
ABAB,ABB-089,1428.75,,-22.027,55.634,0.69,0.3092,2.154,GUF,,56.85604528912252
ABAB,ABB-089,1428.9024,,-22.078,58.957,0.638,0.3099,2.134,GUF,,60.21532551556814
ABAB,ABB-089,1429.0548,,-22.13,61.112,0.594,0.3133,2.103,GUF,,62.39385361908613
ABAB,ABB-089,1429.2072,,-22.181,62.15,0.549,0.322,2.072,GUF,,63.44318641326324
ABAB,ABB-089,1429.3596,,-22.233,62.98,0.504,0.3313,2.075,GUF,,64.28224828143955
ABAB,ABB-089,1429.512,,-22.209,62.983,0.471,0.3363,2.106,GUF,,64.28528103517993
ABAB,ABB-089,1429.6644,,-22.184,62.592,0.445,0.3389,2.142,GUF,,63.89001213101496
ABAB,ABB-089,1429.8168,,-22.16,62.339,0.419,0.3365,2.25,GUF,,63.63424989890821
ABAB,ABB-089,1429.9692,,-21.779,62.086,0.403,0.3319,2.24,GUF,,63.378487666801455
ABAB,ABB-089,1430.1216,,-21.474,63.722,0.388,0.3281,2.231,GUF,,65.0323493732309
ABAB,ABB-089,1430.274,,-21.169,63.408,0.372,0.3292,2.222,GUF,,64.71492114840275
ABAB,ABB-089,1430.4264,,-20.864,62.324,0.354,0.3359,2.206,GUF,,63.61908613020623
ABAB,ABB-089,1430.5788,,-20.766,61.002,0.336,0.3489,2.217,GUF,,62.28265264860494
ABAB,ABB-089,1430.7312,,-20.668,62.399,0.324,0.3642,2.224,GUF,,63.694904973716135
ABAB,ABB-089,1430.8836,,-20.57,62.95,0.318,0.3521,2.224,GUF,,64.25192074403559
ABAB,ABB-089,1431.036,,-20.472,63.363,0.312,0.324,2.204,GUF,,64.66942984229681
ABAB,ABB-089,1431.1884,,-20.593,64.796,0.306,0.3167,2.21,GUF,,66.11807521229277
ABAB,ABB-089,1431.3408,,-20.713,64.475,0.3,0.3105,2.233,GUF,,65.79357056207036
ABAB,ABB-089,1431.4932,,-20.833,64.155,0.299,0.3144,2.256,GUF,,65.47007682976142
ABAB,ABB-089,1431.6456,,-20.804,65.659,0.297,0.3222,2.25,GUF,,66.99049737161343
ABAB,ABB-089,1431.798,,-20.774,67.732,0.296,0.3323,2.257,GUF,,69.08613020622725
ABAB,ABB-089,1431.9504,,-20.744,68.754,0.306,0.3469,2.265,GUF,,70.11928831378893
ABAB,ABB-089,1432.1028,,-20.715,66.969,0.325,0.3402,2.268,GUF,,68.31479983825312
ABAB,ABB-089,1432.2552,,-20.623,64.55,0.338,0.3356,2.267,GUF,,65.86938940558026
ABAB,ABB-089,1432.4076,,-20.532,63.809,0.352,0.3277,2.266,GUF,,65.12029923170239
ABAB,ABB-089,1432.56,,-20.441,63.121,0.365,0.3238,2.255,GUF,,64.42478770723818
ABAB,ABB-089,1432.7124,,-20.349,62.43,0.378,0.3215,2.252,GUF,,63.72624342903356
ABAB,ABB-089,1432.8648,,-20.354,61.534,0.391,0.3183,2.262,GUF,,62.82046097856854
ABAB,ABB-089,1433.0172,,-20.359,59.708,0.397,0.3149,2.271,GUF,,60.97452486858067
ABAB,ABB-089,1433.1696,,-20.364,58.324,0.402,0.3144,2.261,GUF,,59.57541447634452
ABAB,ABB-089,1433.322,,-20.369,57.782,0.411,0.3229,2.224,GUF,,59.02749696724626
ABAB,ABB-089,1433.4744,,-20.365,57.695,0.42,0.329,2.23,GUF,,58.93954710877477
ABAB,ABB-089,1433.6268,,-20.362,57.995,0.429,0.3306,2.236,GUF,,59.24282248281439
ABAB,ABB-089,1433.7792,,-20.481,58.296,0.438,0.3153,2.227,GUF,,59.547108774767494
ABAB,ABB-089,1433.9316,,-20.601,58.814,0.454,0.3091,2.227,GUF,,60.070764253942585
ABAB,ABB-089,1434.084,,-20.776,59.333,0.47,0.3108,2.203,GUF,,60.59543065103114
ABAB,ABB-089,1434.2364,,-20.951,58.359,0.486,0.3137,2.194,GUF,,59.61079660331581
ABAB,ABB-089,1434.3888,,-21.126,57.375,0.502,0.3167,2.186,GUF,,58.61605337646583
ABAB,ABB-089,1434.5412,,-21.39,57.308,0.527,0.3202,2.188,GUF,,58.54832187626365
ABAB,ABB-089,1434.6936,,-21.655,58.083,0.56,0.3228,2.193,GUF,,59.331783259199355
ABAB,ABB-089,1434.846,,-21.919,59.632,0.6,0.3282,2.178,GUF,,60.8976951071573
ABAB,ABB-089,1434.9984,,-22.307,61.292,0.64,0.3376,2.164,GUF,,62.57581884350991
ABAB,ABB-089,1435.1508,,-22.695,63.218,0.679,0.3454,2.12,GUF,,64.52284674484432
ABAB,ABB-089,1435.3032,,-23.378,65.242,0.803,0.3335,2.106,GUF,,66.56894460169835
ABAB,ABB-089,1435.4556,,-24.32,67.179,0.941,0.3188,2.146,GUF,,68.52709260008088
ABAB,ABB-089,1435.608,,-26.153,70.941,1.147,0.3052,2.206,GUF,,72.33016579053782
ABAB,ABB-089,1435.7604,,-28.375,77.276,1.473,0.2835,2.223,BTL,,78.73433077234128
ABAB,ABB-089,1435.9128,,-29.633,92.563,1.973,0.2647,2.204,,,92.563
ABAB,ABB-089,1436.0652,,-30.117,103.648,2.594,0.2517,2.142,,,103.648
ABAB,ABB-089,1436.2176,,-31.096,119.18,3.156,0.2167,2.103,,,119.18
ABAB,ABB-089,1436.37,,-35.685,144.347,3.775,0.1876,2.011,,,144.347
ABAB,ABB-089,1436.5224,,-40.327,147.321,6.519,0.125,1.962,,,147.321
ABAB,ABB-089,1436.6748,,-46.222,148.711,17.482,0.1032,1.961,,,148.711
ABAB,ABB-089,1436.8272,,-50.689,137.693,24.376,0.0899,1.957,,,137.693
ABAB,ABB-089,1436.9796,,-54.563,128.187,30.743,0.0866,1.941,,,128.187
ABAB,ABB-089,1437.132,,-57.903,112.281,33.913,0.0846,1.91,,,112.281
ABAB,ABB-089,1437.2844,,-60.642,98.082,33.233,0.0845,1.904,,,98.082
ABAB,ABB-089,1437.4368,,-63.381,89.916,31.817,0.0949,1.91,,,89.916
ABAB,ABB-089,1437.5892,,-65.175,80.962,30.305,0.1074,1.929,,,80.962
ABAB,ABB-089,1437.7416,,-66.968,74.831,29.625,0.1182,1.945,,,74.831
ABAB,ABB-089,1437.894,,-68.416,71.786,29.914,0.1269,1.952,,,71.786
ABAB,ABB-089,1438.0464,,-69.864,69.844,31.515,0.1371,1.938,,,69.844
ABAB,ABB-089,1438.1988,,-71.311,69.49,32.852,0.1462,1.951,,,69.49
ABAB,ABB-089,1438.3512,,-71.997,70.033,34.19,0.1574,2.023,,,70.033
ABAB,ABB-089,1438.5036,,-72.684,71.392,36.025,0.1448,2.053,,,71.392
ABAB,ABB-089,1438.656,,-73.329,72.364,38.989,0.1311,2.153,,,72.364
ABAB,ABB-089,1438.8084,,-73.974,74.186,45.337,0.1218,2.139,,,74.186
ABAB,ABB-089,1438.9608,,-74.619,75.964,54.002,0.1141,2.071,,,75.964
ABAB,ABB-089,1439.1132,,-75.19,77.238,66.106,0.1106,2.0,,,77.238
ABAB,ABB-089,1439.2656,,-75.762,78.066,72.784,0.1071,1.971,,,78.066
ABAB,ABB-089,1439.418,,-76.333,79.696,83.655,0.1046,1.949,,,79.696
ABAB,ABB-089,1439.5704,,-76.858,80.964,97.235,0.0992,1.93,,,80.964
ABAB,ABB-089,1439.7228,,-77.382,81.902,223.941,0.0954,1.921,,,81.902
ABAB,ABB-089,1439.8752,,-77.269,80.881,289.787,0.0926,1.912,,,80.881
ABAB,ABB-089,1440.0276,,-77.156,78.187,330.871,0.1045,1.92,,,78.187
ABAB,ABB-089,1440.18,,-76.347,76.56,378.509,0.1235,2.011,,,76.56
ABAB,ABB-089,1440.3324,,-75.741,77.687,404.256,0.1285,2.077,,,77.687
ABAB,ABB-089,1440.4848,,-75.136,80.438,416.859,0.1295,2.131,,,80.438
ABAB,ABB-089,1440.6372,,-75.023,83.275,419.158,0.1272,2.111,,,83.275
ABAB,ABB-089,1440.7896,,-75.292,87.675,416.298,0.1244,2.076,,,87.675
ABAB,ABB-089,1440.942,,-75.562,87.151,409.057,0.1231,2.053,,,87.151
ABAB,ABB-089,1441.0944,,-75.989,85.574,381.995,0.122,2.064,,,85.574
ABAB,ABB-089,1441.2468,,-76.417,83.447,320.577,0.1206,2.105,,,83.447
ABAB,ABB-089,1441.3992,,-76.588,81.6,270.415,0.1165,2.178,,,81.6
ABAB,ABB-089,1441.5516,,-76.504,81.378,236.217,0.1107,2.199,,,81.378
ABAB,ABB-089,1441.704,,-76.419,81.725,197.699,0.1076,2.177,,,81.725
ABAB,ABB-089,1441.8564,,-76.334,83.146,159.18,0.1086,2.144,,,83.146
ABAB,ABB-089,1442.0088,,-75.797,84.333,120.661,0.1097,2.024,,,84.333
ABAB,ABB-089,1442.1612,,-75.228,85.72,92.728,0.12,2.039,,,85.72
ABAB,ABB-089,1442.3136,,-74.659,94.229,71.707,0.1326,2.062,,,94.229
ABAB,ABB-089,1442.466,,-74.563,103.09,66.904,0.1439,2.063,,,103.09
ABAB,ABB-089,1442.6184,,-74.467,113.785,64.312,0.1354,2.057,,,113.785
ABAB,ABB-089,1442.7708,,-74.583,126.077,60.96,0.1255,2.067,,,126.077
ABAB,ABB-089,1442.9232,,-74.699,133.628,57.285,0.1169,2.062,,,133.628
ABAB,ABB-089,1443.0756,,-75.276,134.37,52.769,0.1214,2.069,,,134.37
ABAB,ABB-089,1443.228,,-76.704,132.239,52.863,0.1262,2.063,,,132.239
ABAB,ABB-089,1443.3804,,-77.282,122.945,55.169,0.1348,2.05,,,122.945
ABAB,ABB-089,1443.5328,,-77.86,113.461,62.092,0.1474,2.038,,,113.461
ABAB,ABB-089,1443.6852,,-77.154,106.261,67.039,0.1665,2.05,,,106.261
ABAB,ABB-089,1443.8376,,-76.55,100.14,78.805,0.1757,2.063,,,100.14
ABAB,ABB-089,1443.99,,-76.719,95.085,86.858,0.1803,2.09,,,95.085
ABAB,ABB-089,1444.1424,,-76.889,87.988,93.533,0.1733,2.122,,,87.988
ABAB,ABB-089,1444.2948,,-77.248,71.999,99.003,0.162,2.139,,,71.999
ABAB,ABB-089,1444.4472,,-77.607,51.69,239.973,0.1357,2.119,,,51.69
ABAB,ABB-089,1444.5996,,-77.734,40.066,380.943,0.1055,2.044,,,40.066
ABAB,ABB-089,1444.752,,-77.861,36.294,470.246,0.0872,1.989,,,36.294
ABAB,ABB-089,1444.9044,,-77.925,33.99,507.395,0.0711,1.942,,,33.99
ABAB,ABB-089,1445.0568,,-77.989,34.085,522.909,0.0601,1.911,,,34.085
ABAB,ABB-089,1445.2092,,-78.054,34.644,526.636,0.0537,1.903,,,34.644
ABAB,ABB-089,1445.3616,,-78.118,35.536,526.067,0.0483,1.908,,,35.536
ABAB,ABB-089,1445.514,,-78.291,37.254,520.86,0.0439,1.913,,,37.254
ABAB,ABB-089,1445.6664,,-78.464,41.756,511.056,0.0449,1.971,,,41.756
ABAB,ABB-089,1445.8188,,-78.297,44.19,487.543,0.0458,1.988,,,44.19
ABAB,ABB-089,1445.9712,,-78.131,47.045,436.746,0.0523,2.002,,,47.045
ABAB,ABB-089,1446.1236,,-77.882,49.586,348.42,0.0662,2.024,,,49.586
ABAB,ABB-089,1446.276,,-77.868,52.876,260.094,0.0879,2.104,,,52.876
ABAB,ABB-089,1446.4284,,-77.855,55.978,171.768,0.1029,2.172,,,55.978
ABAB,ABB-089,1446.5808,,-78.327,59.151,83.441,0.1223,2.194,,,59.151
ABAB,ABB-089,1446.7332,,-78.799,61.749,58.543,0.127,2.185,,,61.749
ABAB,ABB-089,1446.8856,,-80.37,58.433,53.717,0.1296,2.187,,,58.433
ABAB,ABB-089,1447.038,,-81.735,55.797,49.125,0.1398,2.199,,,55.797
ABAB,ABB-089,1447.1904,,-83.275,53.954,47.228,0.161,2.223,,,53.954
ABAB,ABB-089,1447.3428,,-84.903,51.114,45.909,0.1945,2.221,,,51.114
ABAB,ABB-089,1447.4952,,-86.532,48.573,45.752,0.194,2.218,,,48.573
ABAB,ABB-089,1447.6476,,-88.024,47.213,48.302,0.147,2.222,,,47.213
ABAB,ABB-089,1447.8,,-89.517,48.422,54.224,0.1169,2.21,,,48.422
ABAB,ABB-089,1447.9524,,-90.745,52.359,66.996,0.0997,2.222,,,52.359
ABAB,ABB-089,1448.1048,,-92.125,56.243,94.572,0.0868,2.24,,,56.243
ABAB,ABB-089,1448.2572,,-93.504,60.387,240.411,0.0762,2.251,,,60.387
ABAB,ABB-089,1448.4096,,-94.817,63.358,386.25,0.067,2.269,,,63.358
ABAB,ABB-089,1448.562,,-96.131,59.868,532.09,0.0592,2.267,,,59.868
ABAB,ABB-089,1448.7144,,-97.67,56.618,555.398,0.0513,2.253,,,56.618
ABAB,ABB-089,1448.8668,,-99.21,53.482,580.026,0.0469,2.241,,,53.482
ABAB,ABB-089,1449.0192,,-100.65,51.909,591.15,0.0445,2.229,,,51.909
ABAB,ABB-089,1449.1716,,-102.09,49.489,594.906,0.0421,2.22,,,49.489
ABAB,ABB-089,1449.324,,-103.504,46.25,598.662,0.0406,2.203,,,46.25
ABAB,ABB-089,1449.4764,,-104.918,41.557,588.161,0.0423,2.19,,,41.557
ABAB,ABB-089,1449.6288,,-106.195,39.233,574.49,0.0444,2.166,,,39.233
ABAB,ABB-089,1449.7812,,-107.473,36.834,557.248,0.0465,2.142,,,36.834
ABAB,ABB-089,1449.9336,,-108.75,34.183,459.085,0.0472,2.098,,,34.183
ABAB,ABB-089,1450.086,,-110.48,31.403,360.922,0.048,2.085,,,31.403
ABAB,ABB-089,1450.2384,,-112.209,29.127,262.759,0.0501,2.094,,,29.127
ABAB,ABB-089,1450.3908,,-113.31,27.77,164.595,0.0522,2.112,,,27.77
ABAB,ABB-089,1450.5432,,-114.411,28.138,92.962,0.057,2.135,,,28.138
ABAB,ABB-089,1450.6956,,-115.274,29.614,57.068,0.0676,2.224,,,29.614
ABAB,ABB-089,1450.848,,-116.137,29.718,42.788,0.078,2.266,,,29.718
ABAB,ABB-089,1451.0004,,-116.789,30.193,33.735,0.0862,2.29,,,30.193
ABAB,ABB-089,1451.1528,,-117.441,30.709,28.478,0.0901,2.291,,,30.709
ABAB,ABB-089,1451.3052,,-118.094,30.955,25.217,0.0884,2.311,,,30.955
ABAB,ABB-089,1451.4576,,-118.608,31.143,23.823,0.086,2.35,,,31.143
ABAB,ABB-089,1451.61,,-119.122,31.644,22.428,0.0835,2.397,,,31.644
ABAB,ABB-089,1451.7624,,-119.636,32.227,21.89,0.081,2.457,,,32.227
ABAB,ABB-089,1451.9148,,-119.862,32.97,21.555,0.0776,2.517,,,32.97
ABAB,ABB-089,1452.0672,,-120.087,33.909,21.22,0.0742,2.543,,,33.909
ABAB,ABB-089,1452.2196,,-120.313,34.894,22.054,0.0712,2.56,,,34.894
ABAB,ABB-089,1452.372,,-120.538,36.058,26.251,0.0678,2.55,,,36.058
ABAB,ABB-089,1452.5244,,-120.341,37.288,32.717,0.0648,2.543,,,37.288
ABAB,ABB-089,1452.6768,,-120.143,38.646,38.153,0.0624,2.543,,,38.646
ABAB,ABB-089,1452.8292,,-119.945,40.78,43.442,0.0641,2.515,,,40.78
ABAB,ABB-089,1452.9816,,-118.95,42.949,50.806,0.0663,2.421,,,42.949
ABAB,ABB-089,1453.134,,-118.667,46.707,60.128,0.0702,2.384,,,46.707
ABAB,ABB-089,1453.2864,,-119.842,63.215,65.607,0.0736,2.321,,,63.215
ABAB,ABB-089,1453.4388,,-120.42,71.393,70.99,0.0798,2.238,,,71.393
ABAB,ABB-089,1453.5912,,-120.997,74.605,79.231,0.0857,2.145,,,74.605
ABAB,ABB-089,1453.7436,,-121.189,74.917,117.469,0.0928,2.036,,,74.917
ABAB,ABB-089,1453.896,,-121.382,73.71,155.707,0.0907,1.983,,,73.71
ABAB,ABB-089,1454.0484,,-121.574,71.813,193.945,0.0853,1.963,,,71.813
ABAB,ABB-089,1454.2008,,-121.434,69.204,232.184,0.0784,1.956,,,69.204
ABAB,ABB-089,1454.3532,,-121.294,64.307,270.422,0.0715,1.948,,,64.307
ABAB,ABB-089,1454.5056,,-120.702,52.152,361.442,0.0686,1.984,,,52.152
ABAB,ABB-089,1454.658,,-120.109,48.417,413.715,0.0749,2.025,,,48.417
ABAB,ABB-089,1454.8104,,-119.339,41.276,465.989,0.0752,2.13,,,41.276
ABAB,ABB-089,1454.9628,,-118.975,38.029,483.431,0.0746,2.194,,,38.029
ABAB,ABB-089,1455.1152,,-118.61,40.516,500.874,0.0743,2.224,,,40.516
ABAB,ABB-089,1455.2676,,-118.309,44.323,508.931,0.0739,2.218,,,44.323
ABAB,ABB-089,1455.42,,-118.007,48.708,513.262,0.0751,2.191,,,48.708
ABAB,ABB-089,1455.5724,,-117.705,53.605,517.593,0.0817,2.139,,,53.605
ABAB,ABB-089,1455.7248,,-117.395,57.884,517.038,0.0871,2.08,,,57.884
ABAB,ABB-089,1455.8772,,-117.085,59.432,509.668,0.0897,2.04,,,59.432
ABAB,ABB-089,1456.0296,,-116.805,56.747,502.299,0.0904,2.001,,,56.747
ABAB,ABB-089,1456.182,,-116.525,54.033,470.019,0.091,1.992,,,54.033
ABAB,ABB-089,1456.3344,,-116.246,51.36,434.698,0.0902,1.992,,,51.36
ABAB,ABB-089,1456.4868,,-115.966,52.768,388.039,0.0894,1.992,,,52.768
ABAB,ABB-089,1456.6392,,-115.686,53.934,341.379,0.0872,1.977,,,53.934
ABAB,ABB-089,1456.7916,,-115.219,55.1,312.068,0.0829,1.976,,,55.1
ABAB,ABB-089,1456.944,,-114.753,56.049,269.888,0.0786,1.963,,,56.049
ABAB,ABB-089,1457.0964,,-114.286,60.479,227.708,0.0716,1.947,,,60.479
ABAB,ABB-089,1457.2488,,-113.82,63.739,185.528,0.0667,1.949,,,63.739
ABAB,ABB-089,1457.4012,,-113.354,62.358,143.348,0.0609,1.963,,,62.358
ABAB,ABB-089,1457.5536,,-112.725,59.136,101.168,0.0577,1.978,,,59.136
ABAB,ABB-089,1457.706,,-112.095,57.291,76.102,0.0562,1.996,,,57.291
ABAB,ABB-089,1457.8584,,-111.445,54.295,60.64,0.0589,2.024,,,54.295
ABAB,ABB-089,1458.0108,,-110.795,52.332,46.901,0.0735,2.039,,,52.332
ABAB,ABB-089,1458.1632,,-110.145,49.768,38.062,0.0933,2.094,,,49.768
ABAB,ABB-089,1458.3156,,-109.494,49.031,28.328,0.1117,2.104,,,49.031
ABAB,ABB-089,1458.468,,-108.725,48.162,20.974,0.1293,2.236,,,48.162
ABAB,ABB-089,1458.6204,,-107.76,46.965,17.26,0.1443,2.238,,,46.965
ABAB,ABB-089,1458.7728,,-107.312,45.544,13.545,0.162,2.259,,,45.544
ABAB,ABB-089,1458.9252,,-106.864,45.721,13.343,0.1778,2.282,,,45.721
ABAB,ABB-089,1459.0776,,-106.495,46.702,13.501,0.1973,2.318,,,46.702
ABAB,ABB-089,1459.23,,-106.029,50.124,13.761,0.2092,2.338,,,50.124
ABAB,ABB-089,1459.3824,,-105.822,52.062,14.104,0.2384,2.248,,,52.062
ABAB,ABB-089,1459.5348,,-107.679,51.225,14.447,0.246,2.212,,,51.225
ABAB,ABB-089,1459.6872,,-109.522,49.159,14.872,0.2104,2.177,,,49.159
ABAB,ABB-089,1459.8396,,-111.038,45.959,15.459,0.1983,2.267,,,45.959
ABAB,ABB-089,1459.992,,-111.972,44.064,16.195,0.1861,2.382,,,44.064
ABAB,ABB-089,1460.1444,,-112.906,44.058,16.931,0.1694,2.462,,,44.058
ABAB,ABB-089,1460.2968,,-113.344,46.807,17.686,0.1441,2.466,,,46.807
ABAB,ABB-089,1460.4492,,-113.782,49.416,18.136,0.1462,2.433,,,49.416
ABAB,ABB-089,1460.6016,,-113.171,51.368,18.085,0.1732,2.4,,,51.368
ABAB,ABB-089,1460.754,,-112.561,52.491,16.271,0.1916,2.322,,,52.491
ABAB,ABB-089,1460.9064,,-112.011,52.134,15.606,0.2072,2.265,,,52.134
ABAB,ABB-089,1461.0588,,-112.768,52.012,15.533,0.2189,2.201,,,52.012
ABAB,ABB-089,1461.2112,,-113.305,52.969,16.604,0.2317,2.232,,,52.969
ABAB,ABB-089,1461.3636,,-113.842,53.329,18.429,0.2164,2.25,,,53.329
ABAB,ABB-089,1461.516,,-113.792,53.114,19.712,0.2021,2.259,,,53.114
ABAB,ABB-089,1461.6684,,-113.741,50.893,20.414,0.1817,2.268,,,50.893
ABAB,ABB-089,1461.8208,,-114.34,48.813,20.134,0.0946,2.292,,,48.813
ABAB,ABB-089,1461.9732,,-115.272,53.403,18.456,0.059,2.327,,,53.403
ABAB,ABB-089,1462.1256,,-116.204,58.21,16.839,0.0514,2.361,,,58.21
ABAB,ABB-089,1462.278,,-116.479,67.71,15.669,0.0623,2.359,,,67.71
ABAB,ABB-089,1462.4304,,-115.862,83.146,14.851,0.0793,2.337,,,83.146
ABAB,ABB-089,1462.5828,,-115.245,102.463,14.034,0.0953,2.223,,,102.463
ABAB,ABB-089,1462.7352,,-114.628,113.904,13.757,0.1358,1.998,,,113.904
ABAB,ABB-089,1462.8876,,-114.012,116.047,13.627,0.1656,1.863,,,116.047
ABAB,ABB-089,1463.04,,-112.275,114.385,13.625,0.1667,1.849,,,114.385
ABAB,ABB-089,1463.1924,,-111.817,110.355,14.129,0.162,1.848,,,110.355
ABAB,ABB-089,1463.3448,,-112.0,103.329,14.632,0.1678,1.867,,,103.329
ABAB,ABB-089,1463.4972,,-111.864,96.581,16.08,0.1749,1.883,,,96.581
ABAB,ABB-089,1463.6496,,-111.729,88.67,17.527,0.182,1.958,,,88.67
ABAB,ABB-089,1463.802,,-111.782,80.43,19.325,0.1844,2.185,,,80.43
ABAB,ABB-089,1463.9544,,-111.834,68.979,20.075,0.1795,2.291,,,68.979
ABAB,ABB-089,1464.1068,,-111.887,64.304,20.825,0.1624,2.344,,,64.304
ABAB,ABB-089,1464.2592,,-111.676,63.359,21.153,0.1709,2.364,,,63.359
ABAB,ABB-089,1464.4116,,-111.995,64.554,21.482,0.1764,2.181,,,64.554
ABAB,ABB-089,1464.564,,-112.314,64.077,21.535,0.1734,2.165,,,64.077
ABAB,ABB-089,1464.7164,,-113.28,59.273,21.371,0.1645,2.152,,,59.273
ABAB,ABB-089,1464.8688,,-114.245,54.791,21.079,0.1569,2.146,,,54.791
ABAB,ABB-089,1465.0212,,-114.533,56.603,20.606,0.1495,2.268,,,56.603
ABAB,ABB-089,1465.1736,,-114.614,58.046,20.167,0.1593,2.202,,,58.046
ABAB,ABB-089,1465.326,,-114.694,58.315,20.135,0.1887,2.136,,,58.315
ABAB,ABB-089,1465.4784,,-114.774,58.572,20.363,0.1985,2.07,,,58.572
ABAB,ABB-089,1465.6308,,-114.397,58.83,20.591,0.1987,2.018,,,58.83
ABAB,ABB-089,1465.7832,,-114.4,63.339,21.043,0.1975,2.018,,,63.339
ABAB,ABB-089,1465.9356,,-114.403,67.544,21.691,0.1934,2.056,,,67.544
ABAB,ABB-089,1466.088,,-114.406,71.392,22.338,0.1943,2.148,,,71.392
ABAB,ABB-089,1466.2404,,-114.593,75.954,22.795,0.2202,2.228,,,75.954
ABAB,ABB-089,1466.3928,,-114.78,80.501,23.252,0.247,2.124,,,80.501
ABAB,ABB-089,1466.5452,,-114.967,82.994,23.446,0.2573,2.019,,,82.994
ABAB,ABB-089,1466.6976,,-114.84,83.41,23.455,0.2577,2.039,,,83.41
ABAB,ABB-089,1466.85,,-114.712,83.035,23.285,0.2383,2.059,,,83.035
ABAB,ABB-089,1467.0024,,-114.585,83.124,22.856,0.2159,2.093,,,83.124
ABAB,ABB-089,1467.1548,,-114.457,83.859,21.629,0.1992,2.129,,,83.859
ABAB,ABB-089,1467.3072,,-114.572,81.088,19.701,0.1958,2.129,,,81.088
ABAB,ABB-089,1467.4596,,-114.686,79.039,18.643,0.2009,2.11,,,79.039
ABAB,ABB-089,1467.612,,-114.801,76.526,17.758,0.206,2.112,,,76.526
ABAB,ABB-089,1467.7644,,-114.915,71.293,16.828,0.1586,2.139,,,71.293
ABAB,ABB-089,1467.9168,,-115.084,70.669,15.984,0.1522,2.17,,,70.669
ABAB,ABB-089,1468.0692,,-115.252,71.356,15.141,0.1645,2.205,,,71.356
ABAB,ABB-089,1468.2216,,-115.421,69.927,14.269,0.1748,2.346,,,69.927
ABAB,ABB-089,1468.374,,-115.59,69.022,13.397,0.1768,2.36,,,69.022
ABAB,ABB-089,1468.5264,,-115.759,67.36,12.797,0.1761,2.346,,,67.36
ABAB,ABB-089,1468.6788,,-116.189,65.382,12.437,0.1796,2.257,,,65.382
ABAB,ABB-089,1468.8312,,-116.734,64.207,12.389,0.1826,2.271,,,64.207
ABAB,ABB-089,1468.9836,,-117.28,63.444,12.796,0.1857,2.285,,,63.444
ABAB,ABB-089,1469.136,,-117.622,61.852,13.315,0.1748,2.295,,,61.852
ABAB,ABB-089,1469.2884,,-117.964,60.28,14.181,0.1639,2.283,,,60.28
ABAB,ABB-089,1469.4408,,-117.83,59.214,15.047,0.1703,2.228,,,59.214
ABAB,ABB-089,1469.5932,,-117.093,58.407,16.155,0.1749,2.188,,,58.407
ABAB,ABB-089,1469.7456,,-116.084,57.6,17.176,0.1795,2.168,,,57.6
ABAB,ABB-089,1469.898,,-115.305,56.793,18.207,0.1841,2.144,,,56.793
ABAB,ABB-089,1470.0504,,-115.393,54.137,18.775,0.1899,2.133,,,54.137
ABAB,ABB-089,1470.2028,,-115.456,51.919,18.391,0.1884,2.136,,,51.919
ABAB,ABB-089,1470.3552,,-115.519,49.921,17.379,0.1868,2.111,,,49.921
ABAB,ABB-089,1470.5076,,-115.301,48.139,16.368,0.1836,2.066,,,48.139
ABAB,ABB-089,1470.66,,-114.94,48.236,14.855,0.1804,2.169,,,48.236
ABAB,ABB-089,1470.8124,,-114.58,49.465,12.444,0.1748,2.273,,,49.465
ABAB,ABB-089,1470.9648,,-114.22,50.3,9.682,0.1687,2.376,,,50.3
ABAB,ABB-089,1471.1172,,-113.952,51.884,8.473,0.1611,2.404,,,51.884
ABAB,ABB-089,1471.2696,,-114.498,55.41,6.976,0.1673,2.409,,,55.41
ABAB,ABB-089,1471.422,,-115.093,53.822,6.294,0.1714,2.417,,,53.822
ABAB,ABB-089,1471.5744,,-115.586,52.14,5.637,0.1669,2.433,,,52.14
ABAB,ABB-089,1471.7268,,-116.079,50.417,5.182,0.1538,2.453,,,50.417
ABAB,ABB-089,1471.8792,,-116.288,48.489,4.981,0.1298,2.475,,,48.489
ABAB,ABB-089,1472.0316,,-116.239,46.513,4.859,0.1145,2.486,,,46.513
ABAB,ABB-089,1472.184,,-116.191,45.418,4.737,0.1068,2.487,,,45.418
ABAB,ABB-089,1472.3364,,-115.738,43.884,4.641,0.1152,2.486,,,43.884
ABAB,ABB-089,1472.4888,,-115.284,42.351,4.546,0.119,2.474,,,42.351
ABAB,ABB-089,1472.6412,,-114.831,42.262,4.427,0.1223,2.47,,,42.262
ABAB,ABB-089,1472.7936,,-114.389,43.019,4.311,0.1256,2.474,,,43.019
ABAB,ABB-089,1472.946,,-114.138,40.789,4.212,0.1343,2.475,,,40.789
ABAB,ABB-089,1473.0984,,-114.75,38.557,4.095,0.1409,2.458,,,38.557
ABAB,ABB-089,1473.2508,,-115.363,36.302,3.979,0.1456,2.443,,,36.302
ABAB,ABB-089,1473.4032,,-116.579,33.889,3.855,0.147,2.425,,,33.889
ABAB,ABB-089,1473.5556,,-117.795,31.424,3.789,0.147,2.403,,,31.424
ABAB,ABB-089,1473.708,,-118.907,31.268,3.715,0.1472,2.425,,,31.268
ABAB,ABB-089,1473.8604,,-120.018,33.812,3.577,0.1476,2.429,,,33.812
ABAB,ABB-089,1474.0128,,-121.046,34.444,3.415,0.1468,2.431,,,34.444
ABAB,ABB-089,1474.1652,,-122.074,34.393,3.225,0.1484,2.419,,,34.393
ABAB,ABB-089,1474.3176,,-122.746,35.349,3.042,0.1479,2.395,,,35.349
ABAB,ABB-089,1474.47,,-123.417,35.007,2.702,0.1462,2.365,,,35.007
ABAB,ABB-089,1474.6224,,-123.783,34.535,2.413,0.1445,2.356,,,34.535
ABAB,ABB-089,1474.7748,,-124.148,34.722,2.144,0.1432,2.372,,,34.722
ABAB,ABB-089,1474.9272,,-124.372,36.155,2.039,0.1427,2.384,,,36.155
ABAB,ABB-089,1475.0796,,-124.597,38.381,1.933,0.148,2.373,,,38.381
ABAB,ABB-089,1475.232,,-124.822,40.273,1.955,0.1572,2.336,,,40.273
ABAB,ABB-089,1475.3844,,-124.154,39.721,2.098,0.17,2.311,,,39.721
ABAB,ABB-089,1475.5368,,-123.472,37.669,2.294,0.1646,2.411,,,37.669
ABAB,ABB-089,1475.6892,,-122.789,35.763,2.536,0.1369,2.509,,,35.763
ABAB,ABB-089,1475.8416,,-122.107,37.019,2.887,0.1109,2.519,,,37.019
ABAB,ABB-089,1475.994,,-121.425,46.233,3.322,0.0838,2.529,,,46.233
ABAB,ABB-089,1476.1464,,-120.742,57.08,3.818,0.0697,2.552,,,57.08
ABAB,ABB-089,1476.2988,,-119.551,65.694,4.071,0.0765,2.566,,,65.694
ABAB,ABB-089,1476.4512,,-117.781,65.336,4.324,0.0833,2.567,,,65.336
ABAB,ABB-089,1476.6036,,-116.359,61.846,4.438,0.0911,2.552,,,61.846
ABAB,ABB-089,1476.756,,-114.766,61.065,4.552,0.0959,2.537,,,61.065
ABAB,ABB-089,1476.9084,,-112.555,64.557,4.554,0.1006,2.483,,,64.557
ABAB,ABB-089,1477.0608,,-110.345,67.888,4.554,0.1018,2.455,,,67.888
ABAB,ABB-089,1477.2132,,-108.134,67.868,4.557,0.1029,2.427,,,67.868
ABAB,ABB-089,1477.3656,,-109.565,61.695,4.543,0.1006,2.415,,,61.695
ABAB,ABB-089,1477.518,,-110.995,54.776,4.529,0.0927,2.419,,,54.776
ABAB,ABB-089,1477.6704,,-111.66,45.251,4.431,0.0836,2.475,,,45.251
ABAB,ABB-089,1477.8228,,-113.788,38.622,4.28,0.0825,2.568,,,38.622
ABAB,ABB-089,1477.9752,,-113.756,34.095,4.114,0.0813,2.6,,,34.095
ABAB,ABB-089,1478.1276,,-112.253,33.522,3.958,0.0848,2.589,,,33.522
ABAB,ABB-089,1478.28,,-109.459,31.587,3.803,0.0873,2.573,,,31.587
ABAB,ABB-089,1478.4324,,-106.193,29.246,3.67,0.0897,2.551,,,29.246
ABAB,ABB-089,1478.5848,,-102.639,28.164,3.538,0.0897,2.54,,,28.164
ABAB,ABB-089,1478.7372,,-99.493,27.592,3.483,0.0897,2.547,,,27.592
ABAB,ABB-089,1478.8896,,-96.608,27.082,3.427,0.0896,2.537,,,27.082
ABAB,ABB-089,1479.042,,-93.136,25.928,3.409,0.0898,2.537,,,25.928
ABAB,ABB-089,1479.1944,,-91.67,24.56,3.39,0.09,2.53,,,24.56
ABAB,ABB-089,1479.3468,,-91.584,22.785,3.367,0.0902,2.521,,,22.785
ABAB,ABB-089,1479.4992,,-92.932,22.978,3.323,0.0942,2.524,,,22.978
ABAB,ABB-089,1479.6516,,-94.28,23.986,3.279,0.0986,2.497,,,23.986
ABAB,ABB-089,1479.804,,-96.783,24.954,3.214,0.1059,2.501,,,24.954
ABAB,ABB-089,1479.9564,,-99.845,26.102,3.141,0.1275,2.493,,,26.102
ABAB,ABB-089,1480.1088,,-102.907,28.714,3.069,0.1507,2.478,,,28.714
ABAB,ABB-089,1480.2612,,-106.757,31.805,2.968,0.1607,2.477,,,31.805
ABAB,ABB-089,1480.4136,,-110.483,38.711,2.85,0.1657,2.475,,,38.711
ABAB,ABB-089,1480.566,,-113.507,42.722,2.732,0.1675,2.477,,,42.722
ABAB,ABB-089,1480.7184,,-115.355,46.24,2.623,0.1683,2.443,,,46.24
ABAB,ABB-089,1480.8708,,-117.204,46.946,2.513,0.1667,2.414,,,46.946
ABAB,ABB-089,1481.0232,,-117.755,44.997,2.404,0.1629,2.38,,,44.997
ABAB,ABB-089,1481.1756,,-116.993,42.853,2.337,0.1528,2.352,,,42.853
ABAB,ABB-089,1481.328,,-116.23,42.877,2.314,0.1493,2.329,,,42.877
ABAB,ABB-089,1481.4804,,-114.495,43.482,2.291,0.1593,2.325,,,43.482
ABAB,ABB-089,1481.6328,,-112.371,44.086,2.299,0.1587,2.327,,,44.086
ABAB,ABB-089,1481.7852,,-110.247,44.026,2.307,0.1392,2.383,,,44.026
ABAB,ABB-089,1481.9376,,-107.311,43.966,2.315,0.1168,2.414,,,43.966
ABAB,ABB-089,1482.09,,-101.949,42.471,2.39,0.1101,2.44,,,42.471
ABAB,ABB-089,1482.2424,,-96.278,40.542,2.466,0.1073,2.457,,,40.542
ABAB,ABB-089,1482.3948,,-96.444,37.729,2.511,0.1115,2.475,,,37.729
ABAB,ABB-089,1482.5472,,-98.491,34.816,2.556,0.1156,2.511,,,34.816
ABAB,ABB-089,1482.6996,,-101.672,32.853,2.558,0.1284,2.532,,,32.853
ABAB,ABB-089,1482.852,,-104.754,32.07,2.56,0.1306,2.516,,,32.07
ABAB,ABB-089,1483.0044,,-107.836,32.018,2.553,0.1308,2.481,,,32.018
ABAB,ABB-089,1483.1568,,-110.229,33.263,2.567,0.1297,2.472,,,33.263
ABAB,ABB-089,1483.3092,,-111.767,33.887,2.581,0.1276,2.468,,,33.887
ABAB,ABB-089,1483.4616,,-112.196,34.133,2.649,0.1246,2.46,,,34.133
ABAB,ABB-089,1483.614,,-112.626,34.008,2.717,0.1224,2.451,,,34.008
ABAB,ABB-089,1483.7664,,-113.055,33.29,2.806,0.1228,2.457,,,33.29
ABAB,ABB-089,1483.9188,,-111.366,32.315,2.806,0.1238,2.468,,,32.315
ABAB,ABB-089,1484.0712,,-110.04,30.793,2.761,0.1251,2.47,,,30.793
ABAB,ABB-089,1484.2236,,-109.895,29.427,2.716,0.1193,2.484,,,29.427
ABAB,ABB-089,1484.376,,-110.04,29.497,2.671,0.1146,2.503,,,29.497
ABAB,ABB-089,1484.5284,,-110.186,30.347,2.599,0.1252,2.506,,,30.347
ABAB,ABB-089,1484.6808,,-110.331,31.96,2.528,0.133,2.465,,,31.96
ABAB,ABB-089,1484.8332,,-110.044,33.377,2.475,0.1364,2.462,,,33.377
ABAB,ABB-089,1484.9856,,-109.253,34.27,2.422,0.136,2.447,,,34.27
ABAB,ABB-089,1485.138,,-109.253,33.266,2.381,0.1332,2.44,,,33.266
ABAB,ABB-089,1485.2904,,-110.008,31.677,2.34,0.1271,2.459,,,31.677
ABAB,ABB-089,1485.4428,,-111.034,28.806,2.291,0.116,2.489,,,28.806
ABAB,ABB-089,1485.5952,,-112.697,25.548,2.243,0.1129,2.517,,,25.548
ABAB,ABB-089,1485.7476,,-114.71,25.931,2.195,0.1155,2.55,,,25.931
ABAB,ABB-089,1485.9,,-116.722,26.74,2.123,0.1181,2.549,,,26.74
ABAB,ABB-089,1486.0524,,-118.236,27.491,2.051,0.1236,2.505,,,27.491
ABAB,ABB-089,1486.2048,,-119.368,28.427,1.857,0.1291,2.427,,,28.427
ABAB,ABB-089,1486.3572,,-120.499,29.585,1.669,0.1477,2.402,,,29.585
ABAB,ABB-089,1486.5096,,-121.357,31.639,1.51,0.1693,2.346,,,31.639
ABAB,ABB-089,1486.662,,-121.643,34.601,1.448,0.1908,2.313,,,34.601
ABAB,ABB-089,1486.8144,,-121.93,37.965,1.386,0.2028,2.3,,,37.965
ABAB,ABB-089,1486.9668,,-121.304,41.187,1.475,0.219,2.292,,,41.187
ABAB,ABB-089,1487.1192,,-122.335,48.89,1.54,0.2156,2.299,,,48.89
ABAB,ABB-089,1487.2716,,-123.366,57.881,1.606,0.1848,2.34,,,57.881
ABAB,ABB-089,1487.424,,-123.287,62.436,1.752,0.1575,2.382,,,62.436
ABAB,ABB-089,1487.5764,,-122.31,61.281,1.87,0.1419,2.435,,,61.281
ABAB,ABB-089,1487.7288,,-120.648,58.901,1.987,0.1372,2.46,,,58.901
ABAB,ABB-089,1487.8812,,-120.397,55.886,2.127,0.1348,2.474,,,55.886
ABAB,ABB-089,1488.0336,,-120.146,52.847,2.245,0.1327,2.466,,,52.847
ABAB,ABB-089,1488.186,,-120.673,52.724,2.307,0.1309,2.446,,,52.724
ABAB,ABB-089,1488.3384,,-120.998,54.271,2.351,0.1312,2.446,,,54.271
ABAB,ABB-089,1488.4908,,-121.323,56.017,2.346,0.1305,2.445,,,56.017
ABAB,ABB-089,1488.6432,,-121.392,54.953,2.338,0.1298,2.41,,,54.953
ABAB,ABB-089,1488.7956,,-121.461,54.815,2.329,0.1262,2.413,,,54.815
ABAB,ABB-089,1488.948,,-120.739,55.354,2.327,0.1207,2.42,,,55.354
ABAB,ABB-089,1489.1004,,-119.784,53.344,2.325,0.1146,2.437,,,53.344
ABAB,ABB-089,1489.2528,,-118.945,53.323,2.322,0.1088,2.456,,,53.323
ABAB,ABB-089,1489.4052,,-118.105,53.768,2.314,0.1089,2.467,,,53.768
ABAB,ABB-089,1489.5576,,-118.063,52.94,2.324,0.109,2.462,,,52.94
ABAB,ABB-089,1489.71,,-117.772,52.632,2.362,0.1126,2.458,,,52.632
ABAB,ABB-089,1489.8624,,-117.482,53.426,2.416,0.1171,2.455,,,53.426
ABAB,ABB-089,1490.0148,,-116.413,53.398,2.495,0.1107,2.47,,,53.398
ABAB,ABB-089,1490.1672,,-115.344,52.853,2.574,0.1026,2.465,,,52.853
ABAB,ABB-089,1490.3196,,-113.777,52.308,2.669,0.0982,2.47,,,52.308
ABAB,ABB-089,1490.472,,-112.286,50.093,2.764,0.0967,2.482,,,50.093
ABAB,ABB-089,1490.6244,,-108.294,34.965,2.859,0.0985,2.511,,,34.965
ABAB,ABB-089,1490.7768,,-104.301,27.774,2.973,0.1007,2.508,,,27.774
ABAB,ABB-089,1490.9292,,-98.006,17.998,3.089,0.1023,2.506,,,17.998
ABAB,ABB-089,1491.0816,,-86.418,5.375,3.204,0.1032,2.517,,,5.375
ABAB,ABB-089,1491.234,,-79.83,4.425,3.296,0.1019,2.511,,,4.425
ABAB,ABB-089,1491.3864,,-73.175,3.475,3.388,0.0995,2.501,,,3.475
ABAB,ABB-089,1491.5388,,-68.448,2.525,3.375,0.0985,2.501,,,2.525
ABAB,ABB-089,1491.6912,,-65.03,1.575,3.356,0.1026,2.504,,,1.575
ABAB,ABB-089,1491.8436,,-62.393,0.625,3.26,0.1057,2.505,,,0.625
ABAB,ABB-089,1491.996,,-58.089,0.318,3.165,0.1077,2.509,,,0.318
ABAB,ABB-089,1492.1484,,-52.808,0.772,3.06,0.1084,2.496,,,0.772
ABAB,ABB-089,1492.3008,,-49.921,2.758,2.955,0.109,2.482,,,2.758
ABAB,ABB-089,1492.4532,,-50.006,13.751,2.92,0.109,2.469,,,13.751
ABAB,ABB-089,1492.6056,,-51.112,28.183,2.906,0.1089,2.454,,,28.183
ABAB,ABB-089,1492.758,,-52.02,34.163,2.892,0.1079,2.444,,,34.163
ABAB,ABB-089,1492.9104,,-51.778,34.366,2.903,0.1061,2.437,,,34.366
ABAB,ABB-089,1493.0628,,-51.537,34.208,2.914,0.1022,2.434,,,34.208
ABAB,ABB-089,1493.2152,,-51.657,34.089,2.991,0.0964,2.434,,,34.089
ABAB,ABB-089,1493.3676,,-52.807,33.969,3.067,0.0625,2.421,,,33.969
ABAB,ABB-089,1493.52,,-55.421,33.946,3.204,0.0591,2.394,,,33.946
ABAB,ABB-089,1493.6724,,-59.043,33.933,3.326,0.0556,2.396,,,33.933
ABAB,ABB-089,1493.8248,,-60.057,33.921,3.393,0.0521,2.402,,,33.921
ABAB,ABB-089,1493.9772,,-57.021,33.965,3.461,0.0486,2.399,,,33.965
ABAB,ABB-089,1494.1296,,-46.443,34.009,3.491,0.0451,2.395,,,34.009
ABAB,ABB-089,1494.282,,-34.871,33.889,3.52,0.0416,2.394,,,33.889
ABAB,ABB-089,1494.4344,,-32.921,33.753,3.549,0.0381,2.398,,,33.753
ABAB,ABB-089,1494.5868,,-32.064,33.752,3.557,0.0347,2.399,,,33.752
ABAB,ABB-089,1494.7392,,-31.612,33.79,3.565,0.0312,2.395,,,33.79
ABAB,ABB-089,1494.8916,,-31.766,33.657,3.573,0.0277,2.381,,,33.657
ABAB,ABB-089,1495.044,,-31.92,33.271,3.564,0.0242,2.353,,,33.271
ABAB,ABB-089,1495.1964,,-32.074,33.306,3.554,0.0207,2.302,,,33.306
ABAB,ABB-089,1495.3488,,-32.228,33.994,3.545,0.0265,2.263,,,33.994
ABAB,ABB-089,1495.5012,,-32.381,33.801,3.544,0.1063,2.266,,,33.801
ABAB,ABB-089,1495.6536,,-32.533,30.944,3.547,0.1467,2.271,,,30.944
ABAB,ABB-089,1495.806,,-32.685,26.473,3.561,0.1694,2.266,,,26.473
ABAB,ABB-089,1495.9584,,-32.836,26.706,3.576,0.1717,2.258,,,26.706
ABAB,ABB-089,1496.1108,,-32.988,27.486,3.591,0.1739,2.247,,,27.486
ABAB,ABB-089,1496.2632,,-33.139,28.636,3.61,0.173,2.239,,,28.636
ABAB,ABB-089,1496.4156,,-33.291,29.786,,0.1706,2.232,,,29.786
ABAB,ABB-089,1496.568,,-33.443,30.688,,0.1683,2.221,,,30.688
ABAB,ABB-089,1496.7204,,-33.594,31.249,,0.1656,2.22,,,31.249
ABAB,ABB-089,1496.8728,,-33.729,31.738,,0.1629,2.237,,,31.738
ABAB,ABB-089,1497.0252,,-33.864,33.004,,0.1611,2.243,,,33.004
ABAB,ABB-089,1497.1776,,-33.999,35.377,,0.1593,2.254,,,35.377
ABAB,ABB-089,1497.33,,-34.134,51.829,,0.1589,2.249,,,51.829
ABAB,ABB-089,1497.4824,,-34.113,56.937,,0.1584,2.237,,,56.937
ABAB,ABB-089,1497.6348,,-34.093,64.055,,0.1571,2.205,,,64.055
ABAB,ABB-089,1497.7872,,-34.086,66.174,,0.1503,,,,66.174
ABAB,ABB-089,1497.9396,,-34.078,60.845,,0.1278,,,,60.845
ABAB,ABB-089,1498.092,,-34.071,44.123,,,,,,44.123
